Stopwords
yang
di
dan
itu
dengan
untuk
tidak
ini
dari
dalam
akan
pada
juga
saya
ke
karena
tersebut
bisa
ada
mereka
lebih
kata
tahun
sudah
atau
saat
oleh
menjadi
orang
ia
telah
adalah
seperti
sebagai
bahwa
dapat
para
harus
namun
kita
dua
satu
masih
hari
hanya
mengatakan
kepada
kami
setelah
melakukan
lalu
belum
lain
dia
kalau
terjadi
banyak
menurut

anda
hingga
tak
baru
beberapa
ketika
saja
jalan
sekitar
secara
dilakukan
sementara
tapi
sangat
hal
sehingga

seorang
bagi
besar
lagi
selama
antara
waktu
sebuah
jika
sampai
jadi
terhadap
tiga
serta
pun
salah
merupakan
atas
sejak

membuat
baik
memiliki

kembali
selain
tetapi
pertama
kedua
memang
pernah
apa
mulai
sama
tentang
bukan
agar
semua
sedang
kali
kemudian
hasil
sejumlah
juta
persen
sendiri
katanya
demikian
masalah

mungkin
umum
setiap
bulan
bagian
bila
lainnya
terus
luar
cukup
termasuk
sebelumnya
bahkan
wib
tempat
perlu
menggunakan
memberikan
rabu
sedangkan
kamis
langsung
apakah
pihak
melalui
diri
mencapai

minggu
aku

berada
tinggi
ingin
sebelum
tengah
kini
the
tahu
bersama
depan
selasa
begitu

merasa

berbagai
mengenai

maka
jumlah
masuk


katanya

mengalami
sering
ujar
kondisi
akibat
hubungan
empat
paling
mendapatkan
selalu
lima

meminta
melihat
sekarang
mengaku
mau
kerja
acara
menyatakan
masa
proses
tanpa
selatan
sempat

adanya
hidup
datang
senin
rasa
maupun
seluruh
mantan
lama
jenis
segera
misalnya

mendapat
bawah
jangan
meski
terlihat
akhirnya
jumat

punya
yakni
terakhir
kecil
panjang
badan
juni
of

jelas
jauh
tentu
semakin
tinggal
kurang

mampu
posisi

asal
sekali

sesuai
sebesar
berat

dirinya
memberi
pagi

sabtu

ternyata
mencari
sumber
ruang
menunjukkan
biasanya
nama

sebanyak
utara
berlangsung
barat
kemungkinan
yaitu

berdasarkan

sebenarnya
cara
utama
pekan
terlalu

membawa
kebutuhan
suatu
menerima

penting

tanggal
bagaimana
terutama
tingkat
awal
sedikit
nanti
pasti

muncul
dekat
lanjut
ketiga
biasa
dulu
kesempatan

ribu

akhir

membantu
terkait

sebab
menyebabkan
khusus

bentuk
ditemukan

diduga
mana
ya
kegiatan
sebagian
tampil
hampir
bertemu
usai
berarti
keluar
pula
digunakan
justru

padahal
menyebutkan

gedung

apalagi
program

milik
teman
menjalani
keputusan
sumber
a

upaya
mengetahui
mempunyai
berjalan
menjelaskan

b
mengambil
benar
lewat
belakang
ikut
barang
meningkatkan
kejadian
kehidupan
keterangan
penggunaan
masing-masing
menghadapi
